constants:
  Anisotropy: 2.620939318128656
  B: 368.92233290716257
  C11: 518.4765295236726
  C11minC12: 224.33129492476522
  C12: 294.14523459890745
  C44: 293.9793555775163
  vol: 47.25731711323426
end_time: 17:00:23, 04/04/24
job_ids: '912283'
start_time: 17:00:21, 04/04/24
status: complete
