B: 0.013029997204840108
e0: -1.719382879116779
end_time: 16:55:29, 04/04/24
job_ids: null
start_time: 16:55:27, 04/04/24
status: complete
v0: 1107.2878223197895
x0: 1.000005912967908
