B: 0.013029997204498258
e0: -1.7193828791172905
end_time: 12:34:10, 12/13/23
job_ids: null
start_time: 12:34:10, 12/13/23
status: complete
v0: 1107.2878223196383
x0: 1.0000059129677714
