constants:
  Anisotropy: 2.6209668474183703
  B: 368.922332917477
  C11: 518.4765297047902
  C11minC12: 224.33129518096987
  C12: 294.14523452382036
  C44: 293.9824437538732
  vol: 11.814329278311034
end_time: 17:00:26, 04/04/24
job_ids: '912287'
start_time: 17:00:25, 04/04/24
status: complete
