constants:
  Anisotropy: 3.1507437572338177
  B: 134.45661620109027
  C11: 172.51903785094993
  C11minC12: 57.09363247478947
  C12: 115.42540537616044
  C44: 89.94370304887246
  vol: 46.261497441243726
end_time: 17:00:19, 04/04/24
job_ids: '912283'
start_time: 17:00:18, 04/04/24
status: complete
