B: 1.1046241310671476
e: -0.013311738418064323
end_time: 11:58:56, 12/13/23
job_ids: null
start_time: 11:58:55, 12/13/23
status: complete
v: 10.600868900813417
