constants:
  Anisotropy: 3.1507438927268736
  B: 134.4566162006369
  C11: 172.51903785021827
  C11minC12: 57.09363247437212
  C12: 115.42540537584617
  C44: 89.94370691611033
  vol: 11.565374360310324
end_time: 17:00:24, 04/04/24
job_ids: '912287'
start_time: 17:00:23, 04/04/24
status: complete
