constants:
  Anisotropy: 3.1507437570846824
  B: 134.4566162010044
  C11: 172.51903785006417
  C11minC12: 57.09363247358968
  C12: 115.4254053764745
  C44: 89.94370304272496
  vol: 11.565374360310242
end_time: 19:56:23, 12/12/23
job_ids: null
start_time: 19:56:22, 12/12/23
status: complete
