B: 0.013029997204691154
e0: -1.7193828791169494
end_time: 15:03:19, 04/12/24
job_ids: '915035'
status: complete
v0: 1107.2878223196487
x0: 1.0000059129677807
