B: 1.7364018950218887
e: -0.00014870583504489332
end_time: 11:58:57, 12/13/23
job_ids: null
start_time: 11:58:57, 12/13/23
status: complete
v: 15.079861135270097
