constants:
  Anisotropy: 3.1507410415641712
  B: 134.47157198460894
  C11: 172.53387805731964
  C11minC12: 57.09345910906603
  C12: 115.44041894825358
  C44: 89.94335240990009
  vol: 11.565384312908423
end_time: 18:46:51, 12/12/23
job_ids: null
start_time: 18:46:50, 12/12/23
status: complete
