B: 0.01302995548127865
e0: -1.719379393372094
end_time: 15:04:00, 04/12/24
job_ids: '915039'
start_time: 15:03:58, 04/12/24
status: complete
v0: 1107.2892223859665
x0: 1.0000059133118766
