B: 0.01302995548127865
e0: -1.719379393372094
end_time: 16:56:23, 04/04/24
job_ids: '912282'
start_time: 16:56:22, 04/04/24
status: complete
v0: 1107.2892223859665
x0: 1.0000059133118766
