B: 0.8392875566749534
e: -0.007036478731352602
end_time: 11:58:56, 12/13/23
job_ids: null
start_time: 11:58:56, 12/13/23
status: complete
v: 11.565374510212601
