B: 0.24913771368420498
e: -0.0048825642992511575
end_time: 11:58:55, 12/13/23
job_ids: null
start_time: 11:58:55, 12/13/23
status: complete
v: 15.931923303049139
