end_time: 21:09:25, 12/13/23
job_ids: null
start_time: 21:09:24, 12/13/23
status: complete
vfe:
  bulk_e: -0.8795486194224615
  bulk_n: 125
  vacant_e: 0.3525184992251713
  vfe: 1.2250307296922531
