B: 0.6251315997141317
e: -0.0003668625880663967
end_time: 11:58:57, 12/13/23
job_ids: null
start_time: 11:58:57, 12/13/23
status: complete
v: 16.774808232024945
