B: 1.0850176028317888
e: -0.0001350522583578595
end_time: 11:58:58, 12/13/23
job_ids: null
start_time: 11:58:58, 12/13/23
status: complete
v: 16.683525963538145
