constants:
  Anisotropy: 2.6209262582634567
  B: 368.92233291604884
  C11: 518.4765295944011
  C11minC12: 224.33129501752833
  C12: 294.1452345768727
  C44: 293.977890830843
  vol: 11.81432927830914
end_time: 19:56:24, 12/12/23
job_ids: null
start_time: 19:56:24, 12/12/23
status: complete
