B: 1.1183158315379227
e: -0.0002691205240665795
end_time: 11:58:56, 12/13/23
job_ids: null
start_time: 11:58:56, 12/13/23
status: complete
v: 14.588455633486339
