bulk_modulus: 2.1450870527455046
equilibrium_energy: -0.06369769932222447
equilibrium_scale: 1.0042239008583418
equilibrium_volume: 40.98467183640903
status: complete
